array([[  3.15211269e-03,   6.54292774e-13,   7.85841550e-06, ...,
          2.80143228e-05,   3.32466012e-04,   3.17409915e-05],
       [  1.01338959e-11,   2.81134449e-03,   7.51308799e-06, ...,
          1.02442096e-03,   1.33563066e-03,   5.53528321e-04],
       [  1.40345859e-03,   8.66320875e-05,   9.15839500e-03, ...,
          1.72201038e-03,   7.27324726e-05,   5.28386782e-08],
       ..., 
       [  9.74181306e-04,   2.30003161e-03,   3.35297882e-04, ...,
          5.47792917e-03,   2.46637650e-04,   2.40901329e-03],
       [  4.58266287e-03,   1.18864652e-03,   5.61350857e-06, ...,
          9.77620647e-05,   1.38164571e-04,   9.00568885e-06],
       [  6.26774598e-04,   7.05710260e-04,   5.84222429e-09, ...,
          1.36795065e-03,   1.29014101e-05,   5.45842039e-04]])