0 
0.85 
0.84 
0.86 
0.88 
0.81 
0.87 
0.86 
0.78 
0.96 
0.89 
0.92 
1.08 
0.9 
1.02 
0.92 
1.05 
1.04 
1.1 
1.04 
1.03 
0.92 
1.13 
0.99 
1.08 
1.09 
0.87 
1.05 
1.02 
1 
1.1 
1.01 
1.03 
0.95 
1.06 
1.01 
1.17 
1.16 
0.98 
1.09 
0.99 
1.21 
1.16 
1.12 
1.09 
1 
1.05 
1.02 
1.08 
1.02 
0.99 
1 
1.01 
1.11 
1.16 
1.01 
1.24 
1.01 
1.06 
1.21 
1.15 
1.14 
1.04 
1.13 
1.2 
1.2 
1.08 
1.2 
1.2 
1.08 
1.11 
1.17 
1.2 
1.04 
1.05 
1.02 
1.18 
1.06 
1.01 
1.08 
1.17 
1.06 
1.03 
1.1 
1.05 
1.22 
1.14 
1.21 
1.14 
1.09 
1.18 
1.13 
1.26 
1.13 
1.25 
1.12 
1.15 
1.12 
1.1 
1.28 
0.99 
1.22 
1.28 
1.15 
1.11 
1.26 
1.11 
1.08 
1.16 
1.04 
1.03 
1.11 
1.05 
1.08 
1.19 
1.11 
1.09 
1.04 
1.11 
1.1 
1.12 
0.92 
1.02 
0.98 
1.11 
1.02 
1.14 
1.08 
1.1 
1 
1.2 
1.02 
1.21 
1.07 
1.15 
1.18 
0.96 
1.08 
1.09 
1.13 
1.03 
1.07 
1.07 
1.13 
1.13 
1.04 
1.05 
1.15 
0.96 
1.17 
1.2 
1.18 
1.14 
1.08 
1.14 
1.01 
1.19 
1.27 
1.26 
1.28 
1.16 
1.12 
1.11 
1.14 
1.06 
1.07 
1.02 
1.11 
0.96 
1.02 
1.02 
1.06 
1.06 
0.95 
1 
1.08 
1.08 
1.05 
1.07 
1.07 
1.08 
1.17 
1.05 
1.08 
1.02 
0.97 
1.05 
1.03 
1.42 
1.13 
1.2 
1.15 
1.02 
1 
1.08 
1.04 
1.08 
1.02 
1.09 
1.11 
1.07 
1.07 
1.06 
1.18 
1.1 
1.09 
1.06 
1.16 
1.22 
1.09 
1.12 
1.23 
1.14 
1.04 
1.13 
1.22 
1.08 
1.14 
1.26 
1.18 
1.44 
1.06 
1.27 
1.17 
1.37 
1.11 
1.07 
1.22 
1.18 
1.06 
1.07 
0.99 
1.08 
1.08 
0.95 
1.15 
1.09 
1.09 
1.22 
1.1 
1.07 
1.19 
1.1 
1.18 
1 
1.01 
0.95 
1.05 
1.01 
1.04 
1.04 
1.06 
1.19 
1.2 
1.2 
0.98 
1.06 
1.02 
1.16 
1.12 
1.11 
1.13 
1.2 
1.02 
1.15 
1.05 
1.22 
1.15 
1.27 
1.08 
1.13 
1.18 
1.19 
1.1 
1.29 
0.99 
1.19 
1.08 
1.07 
0.98 
1.04 
0.99 
1.12 
1.13 
1.13 
1.23 
1.18 
1.07 
1.29 
1.2 
1.12 
1.11 
1.18 
1.3 
1.08 
1.12 
1.18 
1.26 
1.18 
1.23 
1.26 
1.22 
1.2 
1.18 
1.33 
1.13 
1.12 
1.21 
1.16 
1.02 
1.12 
0.95 
1.07 
1.17 
1.17 
1.04 
1.11 
1.11 
1.11 
1.27 
1.08 
1.17 
1.07 
1.1 
1.18 
1.11 
1.08 
1.09 
1.2 
1.41 
1.29 
1.29 
1.37 
1.21 
1.11 
1.38 
1.25 
1.23 
1.14 
1.17 
1.05 
1.31 
1.13 
1.24 
1.09 
1.04 
1.22 
1.04 
1.16 
1.38 
1.38 
1.18 
1.17 
1.18 
1.24 
1.21 
1.29 
1.23 
1.39 
1.23 
1.29 
1.3 
1.49 
1.34 
1.36 
1.49 
1.6 
1.49 
1.49 
1.39 
1.34 
1.49 
1.51 
1.51 
1.47 
1.39 
1.5 
1.25 
1.09 
1.18 
1.3 
1.37 
1.34 
1.35 
1.33 
1.19 
1.12 
1.24 
1.2 
1.25 
1.13 
1.06 
1.09 
1.15 
1.1 
1.05 
1.15 
1.09 
1.28 
1.27 
1.06 
1.32 
1.31 
1.1 
1.2 
1.19 
1.2 
1.25 
1.19 
1.32 
1.18 
1.04 
1.12 
1.3 
1.2 
1.18 
1.38 
1.39 
1.24 
1.36 
1.13 
1.19 
1.1 
1.15 
1.15 
1.23 
1 
1.01 
1.1 
1.08 
1.3 
1.14 
1.11 
1.21 
1.11 
1.11 
1.22 
1.09 
1.2 
1.46 
1.64 
1.32 
1.25 
1.31 
1.31 
1.25 
1.27 
1.25 
1.3 
1.19 
1.22 
1.19 
1.36 
1.11 
1.3 
1.19 
1.43 
1.26 
1.28 
1.28 
1.23 
1.33 
1.28 
1.26 
1.28 
1.29 
1.34 
1.44 
1.36 
1.52 
1.21 
1.38 
1.23 
1.27 
1.23 
1.12 
1.07 
1.05 
1.21 
1.03 
1.22 
1 
1.27 
1.23 
1.11 
1.14 
1.32 
1.08 
1.13 
1.19 
1.14 
1.1 
1.21 
1.2 
1.29 
1.26 
1.26 
1.29 
1.28 
1.26 
1.42 
1.17 
1.43 
1.29 
1.22 
1.4 
1.36 
1.3 
1.36 
1.36 
1.33 
1.29 
1.26 
1.15 
1.27 
1.31 
1.26 
1.23 
1.19 
1.31 
1.29 
1.13 
1.27 
1.18 
1.39 
1.19 
1.18 
1.15 
1.26 
1.28 
1.03 
1.15 
1.16 
1.14 
1.09 
1.23 
1.19 
1.15 
1.2 
1.22 
1.16 
1.26 
1.21 
1.24 
1.19 
1.1 
1.24 
1.2 
1.31 
1.21 
1.2 
1.07 
1.1 
1.08 
1.18 
1.16 
1.27 
1.12 
1.13 
1.22 
1.14 
1.26 
1.18 
1.26 
1.29 
1.25 
1.1 
1.27 
1.11 
1.23 
1.13 
1.46 
1.18 
1.11 
1.26 
1.45 
1.36 
1.25 
1.08 
1.18 
1.08 
1.17 
1.42 
1.21 
1.36 
1.27 
1.24 
1.28 
1.24 
1.42 
1.44 
1.23 
1.25 
1.2 
1.23 
1.36 
1.22 
1.24 
1.32 
1.37 
1.16 
1.23 
1.26 
1.29 
1.22 
1.2 
1.28 
1.3 
1.26 
1.23 
1.22 
1.31 
1.08 
1.17 
1.04 
1.22 
1.19 
1.24 
1.21 
1.23 
1.16 
1.12 
1.12 
1.33 
1.28 
1.29 
1.35 
1.18 
1.18 
1.25 
1.33 
1.26 
1.21 
1.25 
1.31 
1.26 
1.2 
1.2 
1.25 
1.09 
1.22 
1.26 
1.11 
1.31 
1.08 
1.29 
1.33 
1.21 
1.28 
1.05 
1.15 
1.39 
1.28 
1.19 
1.18 
1.2 
1.21 
1.2 
1.35 
1.3 
1.13 
1.28 
1.26 
1.3 
1.27 
1.21 
1.15 
1.21 
1.31 
1.18 
1.42 
1.16 
1.27 
1.22 
1.33 
1.35 
1.26 
1.42 
1.32 
1.36 
1.25 
1.25 
1.32 
1.11 
1.19 
1.21 
1.13 
1.29 
1.3 
1.24 
1.2 
1.28 
1.43 
1.26 
1.3 
1.34 
1.39 
1.39 
1.5 
1.51 
1.56 
1.56 
1.58 
1.63 
1.51 
1.48 
1.32 
1.49 
1.35 
1.63 
1.65 
1.67 
1.5 
1.51 
1.64 
1.62 
1.36 
1.38 
1.42 
1.34 
1.44 
1.36 
1.43 
1.36 
1.41 
1.53 
1.58 
1.47 
1.41 
1.56 
1.55 
1.34 
1.32 
1.42 
1.49 
1.4 
1.35 
1.52 
1.42 
1.32 
1.31 
1.41 
1.41 
1.49 
1.35 
1.44 
1.41 
1.43 
1.24 
1.23 
1.33 
1.24 
1.22 
1.3 
1.27 
1.14 
1.11 
1.21 
1.23 
1.1 
1.28 
1.37 
1.27 
1.19 
1.27 
1.15 
1.15 
1.06 
1.37 
1.31 
1.33 
1.21 
1.12 
1.11 
1.12 
1.11 
1.12 
1.09 
1.17 
1.13 
1.1 
1.16 
1.2 
1.13 
1.19 
1.16 
1.07 
1.07 
1.22 
1.28 
1.17 
1.29 
0.93 
1.08 
1.25 
1.17 
1.32 
1.21 
1.29 
1.3 
1.1 
1.19 
1.17 
1.27 
1.11 
1.25 
1.26 
1.25 
1.33 
1.24 
1.34 
1.3 
1.33 
1.23 
1.18 
1.22 
1.33 
1.04 
1.14 
1.14 
1.17 
1.18 
1.16 
1.22 
1.29 
1.26 
1.17 
1.2 
1.17 
1.34 
1.18 
1.32 
1.16 
1.16 
1.12 
1.28 
1.24 
1.17 
1.29 
1.18 
1.2 
1.18 
1.03 
1.03 
1.12 
1.14 
1.19 
1.21 
1.23 
1.05 
1.14 
1.03 
1.26 
1.11 
1.24 
1.22 
1.07 
1.25 
1.18 
1.22 
1.2 
1.26 
1.24 
1.17 
1.13 
1.23 
1.15 
1.11 
1.14 
1.17 
1.17 
1.3 
1.17 
1.21 
1.33 
1.14 
1.19 
1.24 
1.07 
1.17 
1.1 
1.1 
1.19 
1.15 
1.08 
1.23 
1.11 
1.16 
1.08 
1.1 
1.23 
1.25 
1.24 
1.25 
1.16 
1.16 
1.05 
1.13 
1.19 
1.18 
1.1 
1.28 
1.22 
1.09 
1.11 
1.27 
1.24 
1.14 
1.24 
1.14 
1.17 
1.14 
1.3 
1.16 
1.15 
1.35 
1.07 
1.13 
1.09 
1.12 
1.21 
1.29 
1.25 
1.17 
1.22 
1.19 
1.19 
1.13 
1.11 
1.14 
1.07 
1.1 
1.16 
1.11 
1.02 
1.05 
1.15 
1.15 
1.27 
1 
1.2 
1.09 
1.11 
1.04 
1.06 
1.07 
1.14 
1.14 
1.07 
1.2 
1.17 
1.14 
1.27 
1.18 
1.15 
1.27 
1.11 
1.19 
1.36 
1.27 
1.21 
1.29 
1.4 
1.26 
1.34 
1.4 
1.32 
1.4 
1.3 
1.34 
1.33 
1.36 
1.25 
1.32 
1.43 
1.37 
1.48 
1.44 
1.46 
1.26 
1.28 
1.2 
1.22 
1.21 
1.41 
1.18 
1.24 
1.29 
1.19 
1.26 
1.2 
1.29 
1.26 
1.28 
1.3 
1.44 
1.34 
1.25 
1.25 
1.38 
