array([[  23.7407777 ,   98.14959127, -133.14783449, ...,   34.07858563,
          50.11135759,   40.95220397],
       [  16.77464408,  108.04372915, -133.07509846, ...,   37.87805828,
          36.81456897,   50.77995268],
       [   0.84647355,  127.02355369, -124.06285148, ...,   41.27550278,
          46.09259913,   41.44081048],
       ..., 
       [   9.50800587,   99.00293579, -127.25956962, ...,   35.68802949,
          81.9393266 ,   -3.17814515],
       [  21.15672999,  107.7474879 , -139.95899332, ...,   41.88499296,
          74.87716638,    9.61164   ],
       [  17.79014494,  100.08219122, -119.21720831, ...,   73.44323794,
         143.40233089,   16.6579599 ]])