0
1
2
3
4
5
6
7
8
9
10
11
12
13
14
15
16
17
18
19
20
21
22
23
24
25
26
27
28
29
30
31
32
33
34
35
36
37
38
39
40
41
42
43
44
45
46
47
48
49
50
51
52
53
54
55
56
57
58
59
60
61
62
63
64
65
66
67
68
69
70
71
72
73
74
75
76
77
78
79
80
81
82
83
84
85
86
87
88
89
90
91
92
93
94
95
96
97
98
99
100
101
102
103
104
105
106
107
108
109
110
111
112
113
114
115
116
117
118
119
120
121
122
123
124
125
126
127
128
129
130
131
132
133
134
135
136
137
138
139
140
145
146
147
148
149
150
151
154
155
156
157
158
159
165
166
167
168
175
176
177
178
179
186
187
232
240
241
242
244
247
248
249
250
251
252
253
254
260
261
262
263
264
266
267
268
269
270
271
272
273
277
278
279
280
285
286
287
288
289
290
291
297
298
299
301
308
309
310
311
317
318
320
329
337
338
347
348
356
358
359
360
363
366
367
368
369
376
377
378
379
380
381
382
383
384
385
386
387
388
389
390
391
392
393
394
395
396
397
398
399
