5.182282822496055499e-04
3.345929593084891022e-05
2.901726620272876004e-06
6.594530569470322412e-07
2.772382890501105011e-06
2.067035398806114040e-05
1.283290175606932669e-04
2.944713311520337799e-04
3.366705576943537651e-04
2.751494082121692312e-04
1.946682621184496671e-04
1.091328247049945738e-04
5.585523334882933375e-05
4.336429199712716134e-05
8.428560679630091985e-05
3.262968138868653544e-04
1.711588502631509546e-03
4.351607413422482404e-03
3.002907924547664094e-03
4.328177116467445823e-03
3.569425800453496006e-04
3.829330960386067694e-05
9.509866460825072015e-06
8.843690151380753254e-06
2.999803897672704788e-05
1.925905201272289091e-04
1.107443843499074246e-03
2.964264595154056554e-03
4.980274464452988034e-03
5.256694207990475660e-03
3.499995016531612553e-03
1.700487280862225930e-03
6.921851577240719765e-04
4.724952027163843910e-04
7.236692537832847784e-04
2.887972691874704165e-03
1.367772391269579495e-02
3.287317484865191070e-02
2.440477610412588802e-02
5.325511039847240745e-03
5.092887988955309940e-04
6.244431982811505567e-05
1.782819313728374315e-05
1.541279008980241802e-05
4.765607111683499490e-05
3.218061732951304718e-04
1.862951219495826306e-03
6.118209840600012661e-03
1.006174682002821882e-02
1.094544039055105403e-02
6.952623487615017597e-03
2.883344017624599621e-03
1.087260965442441319e-03
6.686989891190877559e-04
9.918924577869375585e-04
3.542651827732548261e-03
1.631080473708047124e-02
3.913065062022520746e-02
2.661582195754539845e-02
3.571205120887128038e-03
3.634066006228283655e-04
5.079959180868990975e-05
1.536988800164923804e-05
1.350632291226318147e-05
4.007304236586839609e-05
2.698425639274640883e-04
1.893209024343012279e-03
6.654646261108214216e-03
1.108731229737911807e-02
1.059624737436380519e-02
5.536166742616675102e-03
1.827854121278611136e-03
6.858160796354241312e-04
4.871660107669241674e-04
7.511493143926153493e-04
2.717091196444872993e-03
1.131687831895830318e-02
2.637254496314606414e-02
1.756518100172658331e-02
4.233248506189863682e-03
4.159230742542601930e-04
4.981845000364433626e-05
1.437345799339069743e-05
1.354152841067934774e-05
4.566435072291244506e-05
3.780430536053467228e-04
2.847153673844228516e-03
1.069247574929668189e-02
1.899615818998129715e-02
1.306311731550390161e-02
5.434488899965391612e-03
2.238995305548167631e-03
1.097554924424759982e-03
6.796454785436501162e-04
1.028899546560498469e-03
3.623821057290455960e-03
1.477473119617293135e-02
3.392062527144839440e-02
2.256693007321130748e-02
5.529627030739049827e-03
3.612351626011360670e-04
3.578127353439214647e-05
1.060900808314638527e-05
1.362297060375620056e-05
7.069651581976315268e-05
7.538438392136345917e-04
6.427024613975242107e-03
2.421436248698075056e-02
3.136613124124923435e-02
1.539866737670372160e-02
6.365857147962103446e-03
3.833988918672859986e-03
2.196523814025644773e-03
1.409196026430305573e-03
2.364734207557501848e-03
8.510390235267504752e-03
3.457679387866860465e-02
7.083741846420119059e-02
4.009528525188069820e-02
1.862275793826380756e-03
5.367558702198239147e-05
4.449265753665189032e-06
4.675045414832284830e-05
8.178411450165302835e-04
7.864149252414040156e-03
2.227166190105680024e-02
1.539134379267413297e-02
4.286867962668745695e-03
1.388711340344587521e-03
7.209207815279314573e-04
4.755384391754765433e-04
5.293216585341561572e-04
1.805226831880555596e-03
1.077287369752539387e-02
4.266687208124746167e-02
6.702379170895968186e-02
2.424672569949818529e-02
3.638965671263324141e-05
1.166594692146613561e-05
2.514522560530492510e-04
1.927995860260941097e-03
2.325261739487436904e-03
5.641910583152289676e-04
7.361224643207725830e-05
1.441125709397708859e-05
5.811299817661349166e-06
7.153525452913654411e-06
2.937875812030766307e-05
3.403769309905412595e-04
2.780465046733193030e-03
1.025961154109076602e-02
9.851524878108294803e-03
1.582735404311576451e-03
2.130620755756962078e-05
5.604403726063104376e-05
1.835999840004568694e-05
1.466235670851235761e-06
4.095572073246034984e-05
2.121183109673046587e-04
3.469058969385867709e-04
1.388131969350228688e-04
5.963138285092859790e-06
4.005914366192291902e-07
1.192864023159217720e-06
5.911717071889186457e-07
5.338656134208027355e-08
2.016953220431747886e-07
2.115262329186097726e-06
7.430238318888556098e-06
1.128035768906239559e-05
5.511063354833890702e-06
7.996298190311506101e-06
9.649222020299577472e-06
5.320298936962894422e-06
1.573006332382420457e-06
1.602052008294284293e-06
3.769588374686201983e-06
5.600033682976911641e-06
6.116554390040349213e-06
4.321851942905306718e-06
1.634637847752253299e-06
5.318544799701289463e-07
1.777340491886951214e-06
8.905864637005122942e-06
7.463806469304871461e-05
3.453099742851948629e-04
2.948200314022972660e-04
8.466227637139393380e-05
1.548220692748155010e-05
2.228947908828036214e-06
1.922483581139016579e-04
1.407116356846170482e-04
8.534660347540284756e-05
4.659132562741846359e-05
2.588755437336522165e-05
1.529998018040128158e-05
1.783859653520567358e-05
3.464230399644726899e-05
8.972259404432498078e-05
2.862361313069805764e-04
1.226364233363214790e-03
4.532268297408909886e-03
4.813113074103982439e-03
1.513123381909819640e-03
2.645693545711339900e-04
4.927420607053155908e-05
1.540541291394208155e-05
1.716785531925546154e-05
5.285968036354598198e-05
1.449624011006954893e-04
3.117416688996625836e-04
1.169697195441717476e-04
4.635834390847424791e-05
2.253515541135193623e-05
1.676099820907845376e-05
2.403714360482758422e-05
6.397633480312543491e-05
1.650495935921372879e-04
4.186793219958629504e-04
1.049937457525083277e-03
3.047699965193021495e-03
4.961557818423554742e-03
2.561619252711893734e-03
5.036681341982623961e-04
9.427589333005278191e-05
3.067395013173160204e-05
2.897121122016696815e-05
8.197465635861822476e-05
2.981727571391483379e-04
4.765187730061217256e-04
9.372525444394604719e-06
2.284803462157180711e-06
6.707679817240865372e-07
5.602644942555150602e-06
1.614403947610577110e-05
3.672778103717886354e-05
7.662156633479687263e-05
1.466764224974192554e-04
1.055944566514398393e-04
3.126580700362523380e-05
6.266828111670192675e-06
2.723157404581490335e-06
1.210071682194668040e-05
3.414516446459717295e-05
3.051133428470930524e-05
3.285083741609522682e-06
2.132788882082943421e-06
6.595713793966621896e-07
2.936273524756420161e-06
1.490257951928406793e-05
3.759676311932466636e-05
2.624401106586609332e-05
